
$orca_hessian_file

$act_atom
  0

$act_coord
  0

$act_energy
        0.000000

$multiplicity
  1

$hessian
18
                    0                  1                  2                  3                  4        
    0      4.9639724554E-01  -1.4606007995E-02  -5.2615600614E-03  -2.5921198809E-01   1.9637785820E-02
    1     -1.4606007995E-02   5.9156311434E-01   1.5782835668E-02  -2.4439844001E-02  -9.1604932203E-02
    2     -5.2615600614E-03   1.5782835668E-02   5.5342795662E-01  -8.8793118882E-03  -1.0111811211E-02
    3     -2.5921198809E-01  -2.4439844001E-02  -8.8793118882E-03   4.3309004063E-01  -1.2880711935E-01
    4      1.9637785820E-02  -9.1604932203E-02  -1.0111811211E-02  -1.2880711935E-01   4.9207264741E-01
    5      7.0547422682E-03  -1.0137635245E-02  -6.7210102127E-02  -4.6364218428E-02   1.6058004216E-01
    6     -7.4545376406E-02  -5.1780097557E-02   4.7427335423E-02  -3.2193542389E-02  -2.5112061919E-02
    7     -5.5166502093E-02  -1.7337076362E-01   1.0618837744E-01  -5.0241196848E-03   7.0412752146E-03
    8      4.8300395173E-02   1.0714463656E-01  -1.4574936781E-01   4.4157966412E-03  -4.1211469349E-03
    9     -7.4503962948E-02  -9.7920680000E-03  -6.9433675640E-02  -3.2166513407E-02  -5.6349777558E-03
   10     -1.1864265053E-02  -5.7501748879E-02  -3.3495529609E-02  -1.0550227830E-03   3.9482266815E-03
   11     -7.2263851099E-02  -3.4445365449E-02  -2.6175450182E-01  -6.6143094352E-03   1.5010223889E-03
   12     -6.6219000154E-02   5.9130386644E-02   2.1190059860E-02  -2.4014253238E-02   3.5895310757E-02
   13      7.1086970568E-02  -2.6848004864E-01  -7.8609372641E-02   3.4180603356E-03   5.2672978089E-03
   14      2.5475495718E-02  -7.8603215414E-02  -7.7534238219E-02   1.2238923018E-03   1.2521827805E-03
   15     -2.1916917942E-02   4.1480748178E-02   1.4946622477E-02  -8.5503743503E-02   1.0399454125E-01
   16     -9.0810985163E-03  -6.0562099832E-04   2.4136544259E-04   1.5593456668E-01  -4.1672451491E-01
   17     -3.2946921689E-03   2.6287879147E-04  -1.1797466492E-03   5.6222261678E-02  -1.4908135940E-01
                    5                  6                  7                  8                  9        
    0      7.0547422682E-03  -7.4545376406E-02  -5.5166502093E-02   4.8300395173E-02  -7.4503962948E-02
    1     -1.0137635245E-02  -5.1780097557E-02  -1.7337076362E-01   1.0714463656E-01  -9.7920680000E-03
    2     -6.7210102127E-02   4.7427335423E-02   1.0618837744E-01  -1.4574936781E-01  -6.9433675640E-02
    3     -4.6364218428E-02  -3.2193542389E-02  -5.0241196848E-03   4.4157966412E-03  -3.2166513407E-02
    4      1.6058004216E-01  -2.5112061919E-02   7.0412752146E-03  -4.1211469349E-03  -5.6349777558E-03
    5      1.0502066622E-01   2.1621450849E-02  -2.2340605605E-03   7.1355256969E-03  -3.2698304376E-02
    6      2.1621450849E-02   9.4094173209E-02   6.6689040756E-02  -5.7471614730E-02   6.3349966005E-03
    7     -2.2340605605E-03   6.6689040756E-02   1.7867633248E-01  -1.1739700675E-01   1.9934683437E-03
    8      7.1355256969E-03  -5.7471614730E-02  -1.1739700675E-01   1.4864707355E-01   8.0426692602E-03
    9     -3.2698304376E-02   6.3349966005E-03   1.9934683437E-03   8.0426692602E-03   9.4007581821E-02
   10     -3.7373820375E-04   6.6406953430E-03   4.2124084995E-03   2.1709649362E-02   1.4914892452E-02
   11      1.0156044501E-02  -4.9353399532E-03  -3.9091500444E-03  -1.7410802306E-02   8.6668781751E-02
   12      1.2896721537E-02   4.6363010028E-03  -8.4164432952E-03  -4.0896751299E-03   4.6311241528E-03
   13      1.2456332105E-03   5.0805925899E-03  -1.7762621875E-02  -7.5920548215E-03   1.4245062572E-04
   14      2.2339524445E-03  -5.9412324305E-03   1.8543527618E-02   7.3109938404E-03   7.8327461415E-03
   15      3.7485497281E-02   1.6734479830E-03  -7.7497580784E-05   8.0689841215E-04   1.6967737806E-03
   16     -1.4909917114E-01  -1.5161156588E-03   1.2033693044E-03   2.6056941315E-04  -1.6284760259E-03
   17     -5.7336086736E-02  -7.0506878427E-04  -1.1963345215E-03   6.6577026808E-05  -4.1948554885E-04
                   10                 11                 12                 13                 14        
    0     -1.1864265053E-02  -7.2263851099E-02  -6.6219000154E-02   7.1086970568E-02   2.5475495718E-02
    1     -5.7501748879E-02  -3.4445365449E-02   5.9130386644E-02  -2.6848004864E-01  -7.8603215414E-02
    2     -3.3495529609E-02  -2.6175450182E-01   2.1190059860E-02  -7.8609372641E-02  -7.7534238219E-02
    3     -1.0550227830E-03  -6.6143094352E-03  -2.4014253238E-02   3.4180603356E-03   1.2238923018E-03
    4      3.9482266815E-03   1.5010223889E-03   3.5895310757E-02   5.2672978089E-03   1.2521827805E-03
    5     -3.7373820375E-04   1.0156044501E-02   1.2896721537E-02   1.2456332105E-03   2.2339524445E-03
    6      6.6406953430E-03  -4.9353399532E-03   4.6363010028E-03   5.0805925899E-03  -5.9412324305E-03
    7      4.2124084995E-03  -3.9091500444E-03  -8.4164432952E-03  -1.7762621875E-02   1.8543527618E-02
    8      2.1709649362E-02  -1.7410802306E-02  -4.0896751299E-03  -7.5920548215E-03   7.3109938404E-03
    9      1.4914892452E-02   8.6668781751E-02   4.6311241528E-03   1.4245062572E-04   7.8327461415E-03
   10      5.1292959575E-02   3.7203167919E-02  -9.0843087031E-03  -2.2448613760E-03  -2.6419219768E-02
   11      3.7203167919E-02   2.7616703027E-01  -2.1811493810E-03  -2.7246733747E-04  -8.1646718184E-03
   12     -9.0843087031E-03  -2.1811493810E-03   8.8175678298E-02  -7.8433813053E-02  -2.8127106382E-02
   13     -2.2448613760E-03  -2.7246733747E-04  -7.8433813053E-02   2.8075385904E-01   8.4587009705E-02
   14     -2.6419219768E-02  -8.1646718184E-03  -2.8127106382E-02   8.4587009705E-02   7.5235066927E-02
   15      4.5271910521E-04  -6.6686346997E-04  -7.2098500619E-03  -1.2888673640E-03  -4.6082727226E-04
   16      2.9301549908E-04  -7.9205933713E-05   9.0347394802E-04   2.4663750433E-03   6.3879589413E-04
   17      1.3776687577E-03   1.0069011684E-03   3.0818141971E-04   6.4217106922E-04   9.1889682583E-04
                   15                 16                 17        
     0     -2.1916917942E-02  -9.0810985163E-03  -3.2946921689E-03
     1      4.1480748178E-02  -6.0562099832E-04   2.6287879147E-04
     2      1.4946622477E-02   2.4136544259E-04  -1.1797466492E-03
     3     -8.5503743503E-02   1.5593456668E-01   5.6222261678E-02
     4      1.0399454125E-01  -4.1672451491E-01  -1.4908135940E-01
     5      3.7485497281E-02  -1.4909917114E-01  -5.7336086736E-02
     6      1.6734479830E-03  -1.5161156588E-03  -7.0506878427E-04
     7     -7.7497580784E-05   1.2033693044E-03  -1.1963345215E-03
     8      8.0689841215E-04   2.6056941315E-04   6.6577026808E-05
     9      1.6967737806E-03  -1.6284760259E-03  -4.1948554885E-04
    10      4.5271910521E-04   2.9301549908E-04   1.3776687577E-03
    11     -6.6686346997E-04  -7.9205933713E-05   1.0069011684E-03
    12     -7.2098500619E-03   9.0347394802E-04   3.0818141971E-04
    13     -1.2888673640E-03   2.4663750433E-03   6.4217106922E-04
    14     -4.6082727226E-04   6.3879589413E-04   9.1889682583E-04
    15      1.1126028974E-01  -1.4458699700E-01  -5.2111262012E-02
    16     -1.4458699700E-01   4.1336737606E-01   1.4801631082E-01
    17     -5.2111262012E-02   1.4801631082E-01   5.6523458364E-02

$vibrational_frequencies
18
    0        0.0000000000000000
    1        0.0000000000000000
    2        0.0000000000000000
    3        0.0000000000000000
    4        0.0000000000000000
    5        0.0000000000000000
    6      331.6161136140046892
    7     1069.9840306748219518
    8     1106.9521156206158139
    9     1170.8136787280088811
   10     1363.9347520501141844
   11     1467.5440378869184315
   12     1473.8100174484318359
   13     1493.1451399033717280
   14     2959.1066253794970180
   15     3009.0535637708785544
   16     3102.3591066143426360
   17     3818.8172159524997369

$normal_modes
18 18
                    0                  1                  2                  3                  4        
    0      0.0000000000E+00   0.0000000000E+00   0.0000000000E+00   0.0000000000E+00   0.0000000000E+00
    1      0.0000000000E+00   0.0000000000E+00   0.0000000000E+00   0.0000000000E+00   0.0000000000E+00
    2      0.0000000000E+00   0.0000000000E+00   0.0000000000E+00   0.0000000000E+00   0.0000000000E+00
    3      0.0000000000E+00   0.0000000000E+00   0.0000000000E+00   0.0000000000E+00   0.0000000000E+00
    4      0.0000000000E+00   0.0000000000E+00   0.0000000000E+00   0.0000000000E+00   0.0000000000E+00
    5      0.0000000000E+00   0.0000000000E+00   0.0000000000E+00   0.0000000000E+00   0.0000000000E+00
    6      0.0000000000E+00   0.0000000000E+00   0.0000000000E+00   0.0000000000E+00   0.0000000000E+00
    7      0.0000000000E+00   0.0000000000E+00   0.0000000000E+00   0.0000000000E+00   0.0000000000E+00
    8      0.0000000000E+00   0.0000000000E+00   0.0000000000E+00   0.0000000000E+00   0.0000000000E+00
    9      0.0000000000E+00   0.0000000000E+00   0.0000000000E+00   0.0000000000E+00   0.0000000000E+00
   10      0.0000000000E+00   0.0000000000E+00   0.0000000000E+00   0.0000000000E+00   0.0000000000E+00
   11      0.0000000000E+00   0.0000000000E+00   0.0000000000E+00   0.0000000000E+00   0.0000000000E+00
   12      0.0000000000E+00   0.0000000000E+00   0.0000000000E+00   0.0000000000E+00   0.0000000000E+00
   13      0.0000000000E+00   0.0000000000E+00   0.0000000000E+00   0.0000000000E+00   0.0000000000E+00
   14      0.0000000000E+00   0.0000000000E+00   0.0000000000E+00   0.0000000000E+00   0.0000000000E+00
   15      0.0000000000E+00   0.0000000000E+00   0.0000000000E+00   0.0000000000E+00   0.0000000000E+00
   16      0.0000000000E+00   0.0000000000E+00   0.0000000000E+00   0.0000000000E+00   0.0000000000E+00
   17      0.0000000000E+00   0.0000000000E+00   0.0000000000E+00   0.0000000000E+00   0.0000000000E+00
                    5                  6                  7                  8                  9        
    0      0.0000000000E+00   1.1004980365E-05  -6.9370378765E-02   3.5343087472E-01  -1.9815368594E-04
    1      0.0000000000E+00  -1.2093414053E-03   6.9186117510E-02   6.2015123071E-02  -4.7961060662E-02
    2      0.0000000000E+00   3.2320926392E-03   2.4921293054E-02   2.2653658891E-02   1.3287855952E-01
    3      0.0000000000E+00   3.6184616422E-05   9.9100798412E-02  -2.8707547226E-01   1.5797779833E-04
    4      0.0000000000E+00   2.1716892448E-02  -2.7541705335E-03  -1.6902547737E-02   2.1421496209E-02
    5      0.0000000000E+00  -6.0067056616E-02  -9.4089442702E-04  -6.2631158818E-03  -5.9341414805E-02
    6      0.0000000000E+00   4.8414651187E-02   2.1634355753E-01   4.8077701479E-01  -6.3419319460E-01
    7      0.0000000000E+00  -1.7681772929E-01  -2.0602115083E-01  -1.4562582757E-01  -6.7473021571E-03
    8      0.0000000000E+00  -1.7248401598E-01  -1.1796249350E-01  -9.5402481832E-02  -2.1116680165E-01
    9      0.0000000000E+00  -4.8309683817E-02   2.1791806647E-01   4.8383933474E-01   6.3250919026E-01
   10      0.0000000000E+00   2.4612316872E-01  -2.3385203740E-01  -1.7274106931E-01   1.4034896127E-01
   11      0.0000000000E+00  -2.0883864405E-02  -4.0274331323E-02  -1.9455807133E-02  -1.5808023684E-01
   12      0.0000000000E+00  -6.1260094408E-05  -5.9071626005E-01  -1.4116901634E-01   1.3920226039E-03
   13      0.0000000000E+00  -9.8998484413E-02  -1.0274562215E-01  -8.8113969874E-02   9.8343314484E-02
   14      0.0000000000E+00   2.7577798513E-01  -3.7491517182E-02  -3.2247330539E-02  -2.7348580022E-01
   15      0.0000000000E+00  -7.4916213348E-04  -5.8988073542E-01  -4.7834590024E-01   1.4568920762E-04
   16      0.0000000000E+00  -3.0058787036E-01  -2.3806619265E-01  -6.4193520122E-02  -4.5907899396E-04
   17      0.0000000000E+00   8.3246308386E-01  -8.6291777964E-02  -2.3419684016E-02   1.2635103831E-03
                   10                 11                 12                 13                 14        
    0     -2.0577146565E-02  -4.9793812361E-04  -7.8448432501E-02  -8.2315976089E-02   4.3837465057E-02
    1      1.2041091762E-01   1.9061230500E-02   2.9557456342E-02  -1.9689752925E-02   2.7853593077E-02
    2      4.3429430041E-02  -5.2238808944E-02   1.1076437677E-02  -7.1535778718E-03   9.8090836733E-03
    3     -2.0801350635E-02  -1.7479570035E-05  -6.8867789467E-03  -1.2094013313E-02   2.9008625536E-03
    4     -7.5327110995E-02   3.4565295664E-03   1.2195284662E-02  -1.8934603445E-02  -1.1214481367E-04
    5     -2.7229481595E-02  -9.2180197493E-03   4.4791151665E-03  -6.8574692610E-03  -3.3723360609E-05
    6      1.0601553324E-01  -2.9433944509E-01   2.2408070488E-01   5.0969882805E-01  -2.4625777400E-01
    7     -1.7425293096E-01   3.4436411483E-01  -3.5924880293E-01   1.0532358333E-01  -4.7139468276E-01
    8     -2.1140721250E-01   1.7789631531E-01  -2.4468139993E-01   4.6329361725E-01   4.2780573990E-01
    9      1.0707409483E-01   2.9597587472E-01   2.1879381084E-01   5.1149201308E-01  -2.4486512565E-01
   10     -2.6832768027E-01  -3.8744536352E-01  -4.2636133552E-01   3.7438246074E-01  -9.1276543785E-02
   11      5.2216349780E-02  -8.1112726868E-02  -3.8049920780E-02  -2.9066535646E-01  -6.2738561568E-01
   12     -4.0714396773E-01   5.2664142769E-03   6.6963252121E-01   1.6256460319E-02  -8.0942280159E-02
   13      1.6763032827E-03  -2.4044391831E-01   2.4954328142E-01   2.1581797066E-02   2.3600903337E-01
   14      3.1891452345E-04   6.7659526757E-01   8.3190698881E-02   9.1463597226E-03   8.4511744302E-02
   15      7.6940445495E-01  -6.9213910875E-04  -6.8433922713E-02   1.3535955153E-01   3.6696512435E-03
   16      2.0172069408E-01   1.5356272513E-03  -9.6940233609E-03   3.3859324446E-02  -3.4521933027E-03
   17      7.3567971840E-02  -4.6095780403E-03  -3.5352278548E-03   1.2307001044E-02  -1.2784597484E-03
                   15                 16                 17        
     0     -8.4437599296E-05   1.5102045008E-02  -1.1453634371E-03
     1      3.1842084168E-02  -8.3591351130E-02  -2.3114406828E-03
     2     -8.8671726982E-02  -3.0079646631E-02  -8.3438726518E-04
     3     -5.5052153500E-06   4.6316458528E-05   2.3020207824E-02
     4     -1.5562378630E-04   1.6820332680E-03  -5.4724614737E-02
     5      4.3471006998E-04   6.0527315262E-04  -1.9742454670E-02
     6     -2.5491864569E-01   6.0334042972E-02  -3.7232821427E-03
     7     -5.0073533559E-01   1.0863137923E-01   6.0967058098E-04
     8      4.2149989675E-01  -1.1533604860E-01   1.0202715415E-04
     9      2.5549073466E-01   6.0708245626E-02  -3.7270667703E-03
    10      1.1876704694E-01   1.0751400740E-02   5.4644719876E-04
    11      6.4634893831E-01   1.5933550820E-01   3.5030926456E-04
    12      4.9973311653E-04  -2.9894407592E-01  -1.5205012396E-03
    13      6.7175596525E-03   8.6492600251E-01   1.3385376916E-02
    14     -2.2872145706E-02   3.1019213982E-01   4.7883532626E-03
    15      2.1687781440E-05  -2.7844027610E-03  -3.4275865851E-01
    16     -1.6991201928E-03  -1.4958714855E-02   8.8159126841E-01
    17      4.7070272836E-03  -5.3792278672E-03   3.1805430804E-01

#
# The atoms: label  mass x y z (in bohrs)
#
$atoms
6
 C     12.01100     -1.358254574084     0.019422580668     0.006630229669
 O     15.99900      1.300427754510     0.073262931681     0.026827870804
 H      1.00800     -2.166708871396    -1.433240900272     1.284303398140
 H      1.00800     -2.165536139937    -0.289359763839    -1.903658400647
 H      1.00800     -2.031035716379     1.873563510260     0.671645659590
 H      1.00800      1.907379978611    -1.545226993340    -0.557106920524

$actual_temperature
  0.000000

$frequency_scale_factor
  1.000000

$dipole_derivatives
18
    9.0416957781E-01    1.6030428342E-02    5.6010046313E-03
   -3.0849258565E-03    2.8558035975E-01   -4.8580104278E-02
   -1.1225126072E-03   -4.8940249666E-02    4.0304552644E-01
   -9.6280837986E-01   -3.1200459290E-04   -7.2131594894E-05
    3.9379394328E-02   -2.8790712340E-01    9.3169951258E-02
    1.4127080563E-02    9.2990161442E-02   -5.1247149969E-01
   -9.7367587429E-02   -4.3937427552E-02    5.7527567450E-02
   -9.4602732818E-02   -8.5205787511E-02    1.1880329061E-01
    6.8235799082E-02    1.1436298464E-01   -7.3210391473E-02
   -9.7275903843E-02    2.8806026556E-03   -7.2096131392E-02
   -2.9534732843E-02    3.4236033522E-02   -3.0341272534E-02
   -1.1249511020E-01   -2.5723427736E-02   -1.9272049904E-01
   -9.4448652157E-03    3.9932379705E-02    1.4406667600E-02
    6.9641311069E-02   -1.0277742201E-01   -5.8852269123E-02
    2.4921235401E-02   -5.8662265798E-02    4.0181731112E-02
    2.6273421601E-01   -1.4705901078E-02   -5.3538495088E-03
    1.8150197650E-02    1.5633558198E-01   -7.4162411397E-02
    6.4501834172E-03   -7.4056386137E-02    3.3518382089E-01

#
# The IR spectrum
#  wavenumber eps Int TX TY TZ
#
$ir_spectrum
18
      0.00   0.00000000   0.00000000     0.000000     0.000000     0.000000
      0.00   0.00000000   0.00000000     0.000000     0.000000     0.000000
      0.00   0.00000000   0.00000000     0.000000     0.000000     0.000000
      0.00   0.00000000   0.00000000     0.000000     0.000000     0.000000
      0.00   0.00000000   0.00000000     0.000000     0.000000     0.000000
      0.00   0.00000000   0.00000000     0.000000     0.000000     0.000000
    331.62   0.02451955 123.91173527    -0.000123    -0.051480     0.142911
   1069.98   0.01773892  89.64523949    -0.071678    -0.005617    -0.002068
   1106.95   0.00771471  38.98696280     0.046627     0.000857     0.000308
   1170.81   0.00016031   0.81012367    -0.000036    -0.002215     0.006150
   1363.93   0.00555524  28.07391082     0.035304     0.004653     0.001723
   1467.54   0.00033174   1.67647336    -0.000109    -0.002860     0.007896
   1473.81   0.00115910   5.85763438    -0.015071    -0.004006    -0.001500
   1493.15   0.00152868   7.72532646    -0.015694     0.008036     0.002932
   2959.11   0.01337102  67.57165322     0.035236     0.012242     0.004316
   3009.05   0.01642509  83.00567239    -0.000039     0.013965    -0.038838
   3102.36   0.00611176  30.88634591     0.004728    -0.022894    -0.008264
   3818.82   0.00517145  26.13439954    -0.011663     0.015924     0.005746


$end

