
$orca_hessian_file

$act_atom
  0

$act_coord
  0

$act_energy
        0.000000

$multiplicity
  1

$hessian
9
                    0                  1                  2                  3                  4        
    0      5.8842701146E-01   4.4721662455E-02  -8.1542277817E-02  -5.1087880027E-01   2.8944325044E-02
    1      4.4721662455E-02   1.2078267441E-01  -2.2032816738E-01   3.4501509841E-06  -1.0326826222E-02
    2     -8.1542277817E-02  -2.2032816738E-01   4.0188455165E-01   9.4001941668E-06   1.8844971984E-02
    3     -5.1087880027E-01   3.4501509841E-06   9.4001941668E-06   5.2890629196E-01  -4.6145396755E-03
    4      2.8944325044E-02  -1.0326826222E-02   1.8844971984E-02  -4.6145396755E-03   1.1141565273E-02
    5     -5.2787200392E-02   1.8842660876E-02  -3.4386991660E-02   8.3928699568E-03  -2.0307009172E-02
    6     -7.7548211189E-02  -4.4720671182E-02   8.1524612987E-02  -1.8027491689E-02  -2.4322096130E-02
    7     -7.3670428922E-02  -1.1045584818E-01   2.0149169375E-01   4.6034002854E-03  -8.1473905033E-04
    8      1.3433774284E-01   2.0147700815E-01  -3.6749755999E-01  -8.3937254851E-03   1.4618397375E-03
                    5                  6                  7                  8        
     0     -5.2787200392E-02  -7.7548211189E-02  -7.3670428922E-02   1.3433774284E-01
     1      1.8842660876E-02  -4.4720671182E-02  -1.1045584818E-01   2.0147700815E-01
     2     -3.4386991660E-02   8.1524612987E-02   2.0149169375E-01  -3.6749755999E-01
     3      8.3928699568E-03  -1.8027491689E-02   4.6034002854E-03  -8.3937254851E-03
     4     -2.0307009172E-02  -2.4322096130E-02  -8.1473905033E-04   1.4618397375E-03
     5      3.7076647282E-02   4.4385785769E-02   1.4645457466E-03  -2.6896556226E-03
     6      4.4385785769E-02   9.5575702877E-02   6.9054897974E-02  -1.2592720806E-01
     7      1.4645457466E-03   6.9054897974E-02   1.1127058723E-01  -2.0294754369E-01
     8     -2.6896556226E-03  -1.2592720806E-01  -2.0294754369E-01   3.7018721562E-01

$vibrational_frequencies
9
    0        0.0000000000000000
    1        0.0000000000000000
    2        0.0000000000000000
    3        0.0000000000000000
    4        0.0000000000000000
    5        0.0000000000000000
    6     1637.7357240529797764
    7     3786.9495090409468503
    8     3881.6406751195763718

$normal_modes
9 9
                    0                  1                  2                  3                  4        
    0      0.0000000000E+00   0.0000000000E+00   0.0000000000E+00   0.0000000000E+00   0.0000000000E+00
    1      0.0000000000E+00   0.0000000000E+00   0.0000000000E+00   0.0000000000E+00   0.0000000000E+00
    2      0.0000000000E+00   0.0000000000E+00   0.0000000000E+00   0.0000000000E+00   0.0000000000E+00
    3      0.0000000000E+00   0.0000000000E+00   0.0000000000E+00   0.0000000000E+00   0.0000000000E+00
    4      0.0000000000E+00   0.0000000000E+00   0.0000000000E+00   0.0000000000E+00   0.0000000000E+00
    5      0.0000000000E+00   0.0000000000E+00   0.0000000000E+00   0.0000000000E+00   0.0000000000E+00
    6      0.0000000000E+00   0.0000000000E+00   0.0000000000E+00   0.0000000000E+00   0.0000000000E+00
    7      0.0000000000E+00   0.0000000000E+00   0.0000000000E+00   0.0000000000E+00   0.0000000000E+00
    8      0.0000000000E+00   0.0000000000E+00   0.0000000000E+00   0.0000000000E+00   0.0000000000E+00
                    5                  6                  7                  8        
     0      0.0000000000E+00  -4.0545053447E-02  -2.9085296060E-02  -5.6860897686E-02
     1      0.0000000000E+00   2.7565718575E-02   1.9840054041E-02  -1.9294901644E-02
     2      0.0000000000E+00  -5.0277559344E-02  -3.6186596880E-02   3.5193928037E-02
     3      0.0000000000E+00  -3.1251811418E-02   7.0535861390E-01   7.0511604514E-01
     4      0.0000000000E+00  -3.3877179598E-01   4.1509246296E-03  -1.8907959041E-02
     5      0.0000000000E+00   6.1790157130E-01  -7.5846708554E-03   3.4473458831E-02
     6      0.0000000000E+00   6.7478386509E-01  -2.4371610234E-01   1.9738147676E-01
     7      0.0000000000E+00  -9.8751945567E-02  -3.1905273475E-01   3.2515709733E-01
     8      0.0000000000E+00   1.8010504769E-01   5.8193919812E-01  -5.9307232258E-01

#
# The atoms: label  mass x y z (in bohrs)
#
$atoms
3
 O     15.99900     -0.073431863797     0.049927026793    -0.091062710643
 H      1.00800      1.751030749218     0.000920016408    -0.001711856564
 H      1.00800     -0.585518458654    -0.793362974412     1.447061368056

$actual_temperature
  0.000000

$frequency_scale_factor
  1.000000

$dipole_derivatives
9
   -3.8820685898E-01   -2.5776866787E-02    4.7084582569E-02
   -2.5715076816E-02   -6.1419067023E-01   -1.4472254241E-01
    4.6976082599E-02   -1.4481301496E-01   -4.2934074280E-01
    1.1561152447E-01    1.5237835255E-02   -2.7636903982E-02
    3.7277039651E-02    3.2510623770E-01    3.9345533808E-02
   -6.8049515493E-02    3.9315947369E-02    2.7489427463E-01
    2.7267377047E-01    1.0564772348E-02   -1.9368713431E-02
   -1.1565133863E-02    2.8908808312E-01    1.0542882523E-01
    2.1151408009E-02    1.0554065842E-01    1.5449031721E-01

#
# The IR spectrum
#  wavenumber eps Int TX TY TZ
#
$ir_spectrum
9
      0.00   0.00000000   0.00000000     0.000000     0.000000     0.000000
      0.00   0.00000000   0.00000000     0.000000     0.000000     0.000000
      0.00   0.00000000   0.00000000     0.000000     0.000000     0.000000
      0.00   0.00000000   0.00000000     0.000000     0.000000     0.000000
      0.00   0.00000000   0.00000000     0.000000     0.000000     0.000000
      0.00   0.00000000   0.00000000     0.000000     0.000000     0.000000
   1637.74   0.01096473  55.41125844     0.026418    -0.017941     0.032703
   3786.95   0.00092705   4.68494734     0.005035    -0.003425     0.006270
   3881.64   0.00526347  26.59942468     0.016797     0.005710    -0.010412


$end

